{
 "cells": [
  {
   "cell_type": "code",
   "execution_count": 29,
   "id": "36d0e259",
   "metadata": {},
   "outputs": [
    {
     "data": {
      "text/plain": [
       "[unwonted,\n",
       " caparisoned,\n",
       " innocuous,\n",
       " capitulation,\n",
       " flout,\n",
       " impunity,\n",
       " sine qua non,\n",
       " vitriolic,\n",
       " eschewed,\n",
       " abjure,\n",
       " adulation,\n",
       " anachronistic,\n",
       " arbiter,\n",
       " assiduously,\n",
       " avarice,\n",
       " aback,\n",
       " abate,\n",
       " abduct,\n",
       " abhor,\n",
       " abide,\n",
       " abjure,\n",
       " abrogate]"
      ]
     },
     "execution_count": 29,
     "metadata": {},
     "output_type": "execute_result"
    }
   ],
   "source": [
    "import matplotlib.pyplot as plt\n",
    "import networkx as nx\n",
    "import spacy\n",
    "import numpy as np\n",
    "from sklearn.cluster import KMeans\n",
    "\n",
    "# Initialize SpaCy and load the model\n",
    "nlp = spacy.load(\"en_core_web_md\")\n",
    "\n",
    "# Vocabulary words\n",
    "words = [\"unwonted\",  \"caparisoned\", \"innocuous\", \"capitulation\", \n",
    "         \"flout\", \"impunity\", \"sine qua non\", \"vitriolic\", \n",
    "         \"eschewed\", 'abjure', 'adulation', 'anachronistic', 'arbiter', \n",
    "         'assiduously', 'avarice', \"aback\", \"abate\", \n",
    "         \"abduct\", \"abhor\", \"abide\", \"abjure\", \"abrogate\"]\n",
    "\n",
    "# Create SpaCy objects for each word\n",
    "spacy_words = [nlp(word) for word in words]\n",
    "spacy_words"
   ]
  },
  {
   "cell_type": "code",
   "execution_count": 30,
   "id": "bd1a3067",
   "metadata": {},
   "outputs": [
    {
     "data": {
      "text/plain": [
       "array([[0., 0., 0., 0., 0., 0., 0., 0., 0., 0., 0., 0., 0., 0., 0., 0.,\n",
       "        0., 0., 0., 0., 0., 0.],\n",
       "       [0., 0., 0., 0., 0., 0., 0., 0., 0., 0., 0., 0., 0., 0., 0., 0.,\n",
       "        0., 0., 0., 0., 0., 0.],\n",
       "       [0., 0., 0., 0., 0., 0., 0., 0., 0., 0., 0., 0., 0., 0., 0., 0.,\n",
       "        0., 0., 0., 0., 0., 0.],\n",
       "       [0., 0., 0., 0., 0., 0., 0., 0., 0., 0., 0., 0., 0., 0., 0., 0.,\n",
       "        0., 0., 0., 0., 0., 0.],\n",
       "       [0., 0., 0., 0., 0., 0., 0., 0., 0., 0., 0., 0., 0., 0., 0., 0.,\n",
       "        0., 0., 0., 0., 0., 0.],\n",
       "       [0., 0., 0., 0., 0., 0., 0., 0., 0., 0., 0., 0., 0., 0., 0., 0.,\n",
       "        0., 0., 0., 0., 0., 0.],\n",
       "       [0., 0., 0., 0., 0., 0., 0., 0., 0., 0., 0., 0., 0., 0., 0., 0.,\n",
       "        0., 0., 0., 0., 0., 0.],\n",
       "       [0., 0., 0., 0., 0., 0., 0., 0., 0., 0., 0., 0., 0., 0., 0., 0.,\n",
       "        0., 0., 0., 0., 0., 0.],\n",
       "       [0., 0., 0., 0., 0., 0., 0., 0., 0., 0., 0., 0., 0., 0., 0., 0.,\n",
       "        0., 0., 0., 0., 0., 0.],\n",
       "       [0., 0., 0., 0., 0., 0., 0., 0., 0., 0., 0., 0., 0., 0., 0., 0.,\n",
       "        0., 0., 0., 0., 0., 0.],\n",
       "       [0., 0., 0., 0., 0., 0., 0., 0., 0., 0., 0., 0., 0., 0., 0., 0.,\n",
       "        0., 0., 0., 0., 0., 0.],\n",
       "       [0., 0., 0., 0., 0., 0., 0., 0., 0., 0., 0., 0., 0., 0., 0., 0.,\n",
       "        0., 0., 0., 0., 0., 0.],\n",
       "       [0., 0., 0., 0., 0., 0., 0., 0., 0., 0., 0., 0., 0., 0., 0., 0.,\n",
       "        0., 0., 0., 0., 0., 0.],\n",
       "       [0., 0., 0., 0., 0., 0., 0., 0., 0., 0., 0., 0., 0., 0., 0., 0.,\n",
       "        0., 0., 0., 0., 0., 0.],\n",
       "       [0., 0., 0., 0., 0., 0., 0., 0., 0., 0., 0., 0., 0., 0., 0., 0.,\n",
       "        0., 0., 0., 0., 0., 0.],\n",
       "       [0., 0., 0., 0., 0., 0., 0., 0., 0., 0., 0., 0., 0., 0., 0., 0.,\n",
       "        0., 0., 0., 0., 0., 0.],\n",
       "       [0., 0., 0., 0., 0., 0., 0., 0., 0., 0., 0., 0., 0., 0., 0., 0.,\n",
       "        0., 0., 0., 0., 0., 0.],\n",
       "       [0., 0., 0., 0., 0., 0., 0., 0., 0., 0., 0., 0., 0., 0., 0., 0.,\n",
       "        0., 0., 0., 0., 0., 0.],\n",
       "       [0., 0., 0., 0., 0., 0., 0., 0., 0., 0., 0., 0., 0., 0., 0., 0.,\n",
       "        0., 0., 0., 0., 0., 0.],\n",
       "       [0., 0., 0., 0., 0., 0., 0., 0., 0., 0., 0., 0., 0., 0., 0., 0.,\n",
       "        0., 0., 0., 0., 0., 0.],\n",
       "       [0., 0., 0., 0., 0., 0., 0., 0., 0., 0., 0., 0., 0., 0., 0., 0.,\n",
       "        0., 0., 0., 0., 0., 0.],\n",
       "       [0., 0., 0., 0., 0., 0., 0., 0., 0., 0., 0., 0., 0., 0., 0., 0.,\n",
       "        0., 0., 0., 0., 0., 0.]])"
      ]
     },
     "execution_count": 30,
     "metadata": {},
     "output_type": "execute_result"
    }
   ],
   "source": [
    "# Create a similarity matrix\n",
    "similarity_matrix = np.zeros((len(spacy_words), len(spacy_words)))\n",
    "similarity_matrix"
   ]
  },
  {
   "cell_type": "code",
   "execution_count": 31,
   "id": "649bc456",
   "metadata": {},
   "outputs": [
    {
     "name": "stdout",
     "output_type": "stream",
     "text": [
      "[[ 1.          0.44514114  0.35102743  0.33162536  0.33011342  0.17367949\n",
      "   0.2213456   0.28751082  0.49355831  0.14577273  0.18913465  0.2547772\n",
      "   0.18073852  0.39574542  0.33989472  0.36628662  0.18773831  0.29079303\n",
      "   0.41196479  0.13313508  0.14577273  0.33187854]\n",
      " [ 0.44514114  1.          0.20064346  0.29368382  0.34207112  0.35396683\n",
      "   0.01248108  0.17210566  0.35740421  0.34589466  0.11904033  0.22089753\n",
      "   0.31247153  0.27546197  0.30280685  0.27600953  0.12130254  0.56814439\n",
      "   0.43856437  0.1465849   0.34589466  0.31371851]\n",
      " [ 0.35102743  0.20064346  1.          0.29740848  0.40958759  0.27911937\n",
      "   0.30912791  0.26778118  0.24414349  0.23262362  0.32286727  0.311422\n",
      "   0.14698889  0.43791278  0.30974481  0.38645429  0.38073761  0.32982972\n",
      "   0.31477401  0.11479759  0.23262362  0.37259926]\n",
      " [ 0.33162536  0.29368382  0.29740848  1.          0.32742153  0.38764132\n",
      "   0.3630457   0.29411768  0.28143151  0.00136678  0.75386379  0.58823305\n",
      "   0.11982635  0.69198956  0.21071751  0.14609083  0.4285065   0.289324\n",
      "   0.28389441  0.06579415  0.00136678  0.62381299]\n",
      " [ 0.33011342  0.34207112  0.40958759  0.32742153  1.          0.3948038\n",
      "   0.20700228  0.24241055  0.22392358  0.33787242  0.19387296  0.17161469\n",
      "   0.38904483  0.3184126   0.21141412  0.20709068  0.38584081  0.32996019\n",
      "   0.56102652  0.56451988  0.33787242  0.58836915]\n",
      " [ 0.17367949  0.35396683  0.27911937  0.38764132  0.3948038   1.\n",
      "   0.08783791  0.46138191  0.24921533  0.29049922  0.23359417  0.3364746\n",
      "   0.38293055  0.37307807  0.46147937  0.19895372  0.3484418   0.35677013\n",
      "   0.52304659  0.12991852  0.29049922  0.27119862]\n",
      " [ 0.2213456   0.01248108  0.30912791  0.3630457   0.20700228  0.08783791\n",
      "   1.          0.11744848  0.12393503 -0.0538719   0.32903155  0.29404497\n",
      "   0.04083037  0.38523853  0.10426061  0.08612252  0.17662896  0.06415109\n",
      "   0.08140856  0.03626547 -0.0538719   0.33278978]\n",
      " [ 0.28751082  0.17210566  0.26778118  0.29411768  0.24241055  0.46138191\n",
      "   0.11744848  1.          0.36266565  0.22634809  0.16653358  0.47774887\n",
      "   0.14879098  0.36882229  0.37422087  0.28885168  0.17787306  0.21495979\n",
      "   0.44108913  0.04111743  0.22634809  0.16504964]\n",
      " [ 0.49355831  0.35740421  0.24414349  0.28143151  0.22392358  0.24921533\n",
      "   0.12393503  0.36266565  1.          0.30357309  0.12245807  0.39181841\n",
      "   0.09035753  0.34848495  0.40961149  0.4675495   0.21119383  0.21380051\n",
      "   0.42375602  0.26068743  0.30357309  0.22275551]\n",
      " [ 0.14577273  0.34589466  0.23262362  0.00136678  0.33787242  0.29049922\n",
      "  -0.0538719   0.22634809  0.30357309  1.         -0.07766679  0.10264714\n",
      "   0.20766656  0.0410251   0.40583249  0.27288237  0.13072857  0.33182932\n",
      "   0.46882684  0.40905646  1.          0.21457004]\n",
      " [ 0.18913465  0.11904033  0.32286727  0.75386379  0.19387296  0.23359417\n",
      "   0.32903155  0.16653358  0.12245807 -0.07766679  1.          0.45718894\n",
      "   0.0057371   0.5982689   0.09454782  0.15116265  0.35424995  0.20794873\n",
      "   0.09658231 -0.05239485 -0.07766679  0.47133354]\n",
      " [ 0.2547772   0.22089753  0.311422    0.58823305  0.17161469  0.3364746\n",
      "   0.29404497  0.47774887  0.39181841  0.10264714  0.45718894  1.\n",
      "   0.13920963  0.52583742  0.24512867  0.22592449  0.21940413  0.14273613\n",
      "   0.22856449  0.01550316  0.10264714  0.32542337]\n",
      " [ 0.18073852  0.31247153  0.14698889  0.11982635  0.38904483  0.38293055\n",
      "   0.04083037  0.14879098  0.09035753  0.20766656  0.0057371   0.13920963\n",
      "   1.          0.2094524   0.18002105  0.23959674  0.15397527  0.19517573\n",
      "   0.38155261  0.21668704  0.20766656  0.2607839 ]\n",
      " [ 0.39574542  0.27546197  0.43791278  0.69198956  0.3184126   0.37307807\n",
      "   0.38523853  0.36882229  0.34848495  0.0410251   0.5982689   0.52583742\n",
      "   0.2094524   1.          0.24959233  0.38527942  0.40803561  0.26513949\n",
      "   0.28845882  0.06621999  0.0410251   0.48821307]\n",
      " [ 0.33989472  0.30280685  0.30974481  0.21071751  0.21141412  0.46147937\n",
      "   0.10426061  0.37422087  0.40961149  0.40583249  0.09454782  0.24512867\n",
      "   0.18002105  0.24959233  1.          0.27169542  0.19478265  0.27291852\n",
      "   0.42186257  0.20127499  0.40583249  0.19147584]\n",
      " [ 0.36628662  0.27600953  0.38645429  0.14609083  0.20709068  0.19895372\n",
      "   0.08612252  0.28885168  0.4675495   0.27288237  0.15116265  0.22592449\n",
      "   0.23959674  0.38527942  0.27169542  1.          0.23463703  0.30173266\n",
      "   0.29282123  0.13172392  0.27288237  0.16548804]\n",
      " [ 0.18773831  0.12130254  0.38073761  0.4285065   0.38584081  0.3484418\n",
      "   0.17662896  0.17787306  0.21119383  0.13072857  0.35424995  0.21940413\n",
      "   0.15397527  0.40803561  0.19478265  0.23463703  1.          0.28152463\n",
      "   0.28701764  0.1947565   0.13072857  0.48946341]\n",
      " [ 0.29079303  0.56814439  0.32982972  0.289324    0.32996019  0.35677013\n",
      "   0.06415109  0.21495979  0.21380051  0.33182932  0.20794873  0.14273613\n",
      "   0.19517573  0.26513949  0.27291852  0.30173266  0.28152463  1.\n",
      "   0.32202297 -0.01105022  0.33182932  0.2553445 ]\n",
      " [ 0.41196479  0.43856437  0.31477401  0.28389441  0.56102652  0.52304659\n",
      "   0.08140856  0.44108913  0.42375602  0.46882684  0.09658231  0.22856449\n",
      "   0.38155261  0.28845882  0.42186257  0.29282123  0.28701764  0.32202297\n",
      "   1.          0.41489454  0.46882684  0.40189097]\n",
      " [ 0.13313508  0.1465849   0.11479759  0.06579415  0.56451988  0.12991852\n",
      "   0.03626547  0.04111743  0.26068743  0.40905646 -0.05239485  0.01550316\n",
      "   0.21668704  0.06621999  0.20127499  0.13172392  0.1947565  -0.01105022\n",
      "   0.41489454  1.          0.40905646  0.32416529]\n",
      " [ 0.14577273  0.34589466  0.23262362  0.00136678  0.33787242  0.29049922\n",
      "  -0.0538719   0.22634809  0.30357309  1.         -0.07766679  0.10264714\n",
      "   0.20766656  0.0410251   0.40583249  0.27288237  0.13072857  0.33182932\n",
      "   0.46882684  0.40905646  1.          0.21457004]\n",
      " [ 0.33187854  0.31371851  0.37259926  0.62381299  0.58836915  0.27119862\n",
      "   0.33278978  0.16504964  0.22275551  0.21457004  0.47133354  0.32542337\n",
      "   0.2607839   0.48821307  0.19147584  0.16548804  0.48946341  0.2553445\n",
      "   0.40189097  0.32416529  0.21457004  1.        ]]\n"
     ]
    }
   ],
   "source": [
    "for i, word1 in enumerate(spacy_words):\n",
    "    for j, word2 in enumerate(spacy_words):\n",
    "        similarity_matrix[i, j] = word1.similarity(word2)\n",
    "print(similarity_matrix)"
   ]
  },
  {
   "cell_type": "code",
   "execution_count": 32,
   "id": "15513f12",
   "metadata": {},
   "outputs": [
    {
     "data": {
      "text/plain": [
       "(22, 22)"
      ]
     },
     "execution_count": 32,
     "metadata": {},
     "output_type": "execute_result"
    }
   ],
   "source": [
    "similarity_matrix.shape"
   ]
  },
  {
   "cell_type": "code",
   "execution_count": 34,
   "id": "1458289d",
   "metadata": {},
   "outputs": [
    {
     "data": {
      "text/html": [
       "<div>\n",
       "<style scoped>\n",
       "    .dataframe tbody tr th:only-of-type {\n",
       "        vertical-align: middle;\n",
       "    }\n",
       "\n",
       "    .dataframe tbody tr th {\n",
       "        vertical-align: top;\n",
       "    }\n",
       "\n",
       "    .dataframe thead th {\n",
       "        text-align: right;\n",
       "    }\n",
       "</style>\n",
       "<table border=\"1\" class=\"dataframe\">\n",
       "  <thead>\n",
       "    <tr style=\"text-align: right;\">\n",
       "      <th></th>\n",
       "      <th>Word1</th>\n",
       "      <th>Word2</th>\n",
       "      <th>Word3</th>\n",
       "      <th>Word4</th>\n",
       "      <th>Word5</th>\n",
       "      <th>Word6</th>\n",
       "      <th>Word7</th>\n",
       "      <th>Word8</th>\n",
       "      <th>Word9</th>\n",
       "      <th>Word10</th>\n",
       "      <th>...</th>\n",
       "      <th>Word13</th>\n",
       "      <th>Word14</th>\n",
       "      <th>Word15</th>\n",
       "      <th>Word16</th>\n",
       "      <th>Word17</th>\n",
       "      <th>Word18</th>\n",
       "      <th>Word19</th>\n",
       "      <th>Word20</th>\n",
       "      <th>Word21</th>\n",
       "      <th>Word22</th>\n",
       "    </tr>\n",
       "  </thead>\n",
       "  <tbody>\n",
       "    <tr>\n",
       "      <th>Word1</th>\n",
       "      <td>1.000000</td>\n",
       "      <td>0.445141</td>\n",
       "      <td>0.351027</td>\n",
       "      <td>0.331625</td>\n",
       "      <td>0.330113</td>\n",
       "      <td>0.173679</td>\n",
       "      <td>0.221346</td>\n",
       "      <td>0.287511</td>\n",
       "      <td>0.493558</td>\n",
       "      <td>0.145773</td>\n",
       "      <td>...</td>\n",
       "      <td>0.180739</td>\n",
       "      <td>0.395745</td>\n",
       "      <td>0.339895</td>\n",
       "      <td>0.366287</td>\n",
       "      <td>0.187738</td>\n",
       "      <td>0.290793</td>\n",
       "      <td>0.411965</td>\n",
       "      <td>0.133135</td>\n",
       "      <td>0.145773</td>\n",
       "      <td>0.331879</td>\n",
       "    </tr>\n",
       "    <tr>\n",
       "      <th>Word2</th>\n",
       "      <td>0.445141</td>\n",
       "      <td>1.000000</td>\n",
       "      <td>0.200643</td>\n",
       "      <td>0.293684</td>\n",
       "      <td>0.342071</td>\n",
       "      <td>0.353967</td>\n",
       "      <td>0.012481</td>\n",
       "      <td>0.172106</td>\n",
       "      <td>0.357404</td>\n",
       "      <td>0.345895</td>\n",
       "      <td>...</td>\n",
       "      <td>0.312472</td>\n",
       "      <td>0.275462</td>\n",
       "      <td>0.302807</td>\n",
       "      <td>0.276010</td>\n",
       "      <td>0.121303</td>\n",
       "      <td>0.568144</td>\n",
       "      <td>0.438564</td>\n",
       "      <td>0.146585</td>\n",
       "      <td>0.345895</td>\n",
       "      <td>0.313719</td>\n",
       "    </tr>\n",
       "    <tr>\n",
       "      <th>Word3</th>\n",
       "      <td>0.351027</td>\n",
       "      <td>0.200643</td>\n",
       "      <td>1.000000</td>\n",
       "      <td>0.297408</td>\n",
       "      <td>0.409588</td>\n",
       "      <td>0.279119</td>\n",
       "      <td>0.309128</td>\n",
       "      <td>0.267781</td>\n",
       "      <td>0.244143</td>\n",
       "      <td>0.232624</td>\n",
       "      <td>...</td>\n",
       "      <td>0.146989</td>\n",
       "      <td>0.437913</td>\n",
       "      <td>0.309745</td>\n",
       "      <td>0.386454</td>\n",
       "      <td>0.380738</td>\n",
       "      <td>0.329830</td>\n",
       "      <td>0.314774</td>\n",
       "      <td>0.114798</td>\n",
       "      <td>0.232624</td>\n",
       "      <td>0.372599</td>\n",
       "    </tr>\n",
       "    <tr>\n",
       "      <th>Word4</th>\n",
       "      <td>0.331625</td>\n",
       "      <td>0.293684</td>\n",
       "      <td>0.297408</td>\n",
       "      <td>1.000000</td>\n",
       "      <td>0.327422</td>\n",
       "      <td>0.387641</td>\n",
       "      <td>0.363046</td>\n",
       "      <td>0.294118</td>\n",
       "      <td>0.281432</td>\n",
       "      <td>0.001367</td>\n",
       "      <td>...</td>\n",
       "      <td>0.119826</td>\n",
       "      <td>0.691990</td>\n",
       "      <td>0.210718</td>\n",
       "      <td>0.146091</td>\n",
       "      <td>0.428507</td>\n",
       "      <td>0.289324</td>\n",
       "      <td>0.283894</td>\n",
       "      <td>0.065794</td>\n",
       "      <td>0.001367</td>\n",
       "      <td>0.623813</td>\n",
       "    </tr>\n",
       "    <tr>\n",
       "      <th>Word5</th>\n",
       "      <td>0.330113</td>\n",
       "      <td>0.342071</td>\n",
       "      <td>0.409588</td>\n",
       "      <td>0.327422</td>\n",
       "      <td>1.000000</td>\n",
       "      <td>0.394804</td>\n",
       "      <td>0.207002</td>\n",
       "      <td>0.242411</td>\n",
       "      <td>0.223924</td>\n",
       "      <td>0.337872</td>\n",
       "      <td>...</td>\n",
       "      <td>0.389045</td>\n",
       "      <td>0.318413</td>\n",
       "      <td>0.211414</td>\n",
       "      <td>0.207091</td>\n",
       "      <td>0.385841</td>\n",
       "      <td>0.329960</td>\n",
       "      <td>0.561027</td>\n",
       "      <td>0.564520</td>\n",
       "      <td>0.337872</td>\n",
       "      <td>0.588369</td>\n",
       "    </tr>\n",
       "    <tr>\n",
       "      <th>Word6</th>\n",
       "      <td>0.173679</td>\n",
       "      <td>0.353967</td>\n",
       "      <td>0.279119</td>\n",
       "      <td>0.387641</td>\n",
       "      <td>0.394804</td>\n",
       "      <td>1.000000</td>\n",
       "      <td>0.087838</td>\n",
       "      <td>0.461382</td>\n",
       "      <td>0.249215</td>\n",
       "      <td>0.290499</td>\n",
       "      <td>...</td>\n",
       "      <td>0.382931</td>\n",
       "      <td>0.373078</td>\n",
       "      <td>0.461479</td>\n",
       "      <td>0.198954</td>\n",
       "      <td>0.348442</td>\n",
       "      <td>0.356770</td>\n",
       "      <td>0.523047</td>\n",
       "      <td>0.129919</td>\n",
       "      <td>0.290499</td>\n",
       "      <td>0.271199</td>\n",
       "    </tr>\n",
       "    <tr>\n",
       "      <th>Word7</th>\n",
       "      <td>0.221346</td>\n",
       "      <td>0.012481</td>\n",
       "      <td>0.309128</td>\n",
       "      <td>0.363046</td>\n",
       "      <td>0.207002</td>\n",
       "      <td>0.087838</td>\n",
       "      <td>1.000000</td>\n",
       "      <td>0.117448</td>\n",
       "      <td>0.123935</td>\n",
       "      <td>-0.053872</td>\n",
       "      <td>...</td>\n",
       "      <td>0.040830</td>\n",
       "      <td>0.385239</td>\n",
       "      <td>0.104261</td>\n",
       "      <td>0.086123</td>\n",
       "      <td>0.176629</td>\n",
       "      <td>0.064151</td>\n",
       "      <td>0.081409</td>\n",
       "      <td>0.036265</td>\n",
       "      <td>-0.053872</td>\n",
       "      <td>0.332790</td>\n",
       "    </tr>\n",
       "    <tr>\n",
       "      <th>Word8</th>\n",
       "      <td>0.287511</td>\n",
       "      <td>0.172106</td>\n",
       "      <td>0.267781</td>\n",
       "      <td>0.294118</td>\n",
       "      <td>0.242411</td>\n",
       "      <td>0.461382</td>\n",
       "      <td>0.117448</td>\n",
       "      <td>1.000000</td>\n",
       "      <td>0.362666</td>\n",
       "      <td>0.226348</td>\n",
       "      <td>...</td>\n",
       "      <td>0.148791</td>\n",
       "      <td>0.368822</td>\n",
       "      <td>0.374221</td>\n",
       "      <td>0.288852</td>\n",
       "      <td>0.177873</td>\n",
       "      <td>0.214960</td>\n",
       "      <td>0.441089</td>\n",
       "      <td>0.041117</td>\n",
       "      <td>0.226348</td>\n",
       "      <td>0.165050</td>\n",
       "    </tr>\n",
       "    <tr>\n",
       "      <th>Word9</th>\n",
       "      <td>0.493558</td>\n",
       "      <td>0.357404</td>\n",
       "      <td>0.244143</td>\n",
       "      <td>0.281432</td>\n",
       "      <td>0.223924</td>\n",
       "      <td>0.249215</td>\n",
       "      <td>0.123935</td>\n",
       "      <td>0.362666</td>\n",
       "      <td>1.000000</td>\n",
       "      <td>0.303573</td>\n",
       "      <td>...</td>\n",
       "      <td>0.090358</td>\n",
       "      <td>0.348485</td>\n",
       "      <td>0.409611</td>\n",
       "      <td>0.467549</td>\n",
       "      <td>0.211194</td>\n",
       "      <td>0.213801</td>\n",
       "      <td>0.423756</td>\n",
       "      <td>0.260687</td>\n",
       "      <td>0.303573</td>\n",
       "      <td>0.222756</td>\n",
       "    </tr>\n",
       "    <tr>\n",
       "      <th>Word10</th>\n",
       "      <td>0.145773</td>\n",
       "      <td>0.345895</td>\n",
       "      <td>0.232624</td>\n",
       "      <td>0.001367</td>\n",
       "      <td>0.337872</td>\n",
       "      <td>0.290499</td>\n",
       "      <td>-0.053872</td>\n",
       "      <td>0.226348</td>\n",
       "      <td>0.303573</td>\n",
       "      <td>1.000000</td>\n",
       "      <td>...</td>\n",
       "      <td>0.207667</td>\n",
       "      <td>0.041025</td>\n",
       "      <td>0.405832</td>\n",
       "      <td>0.272882</td>\n",
       "      <td>0.130729</td>\n",
       "      <td>0.331829</td>\n",
       "      <td>0.468827</td>\n",
       "      <td>0.409056</td>\n",
       "      <td>1.000000</td>\n",
       "      <td>0.214570</td>\n",
       "    </tr>\n",
       "    <tr>\n",
       "      <th>Word11</th>\n",
       "      <td>0.189135</td>\n",
       "      <td>0.119040</td>\n",
       "      <td>0.322867</td>\n",
       "      <td>0.753864</td>\n",
       "      <td>0.193873</td>\n",
       "      <td>0.233594</td>\n",
       "      <td>0.329032</td>\n",
       "      <td>0.166534</td>\n",
       "      <td>0.122458</td>\n",
       "      <td>-0.077667</td>\n",
       "      <td>...</td>\n",
       "      <td>0.005737</td>\n",
       "      <td>0.598269</td>\n",
       "      <td>0.094548</td>\n",
       "      <td>0.151163</td>\n",
       "      <td>0.354250</td>\n",
       "      <td>0.207949</td>\n",
       "      <td>0.096582</td>\n",
       "      <td>-0.052395</td>\n",
       "      <td>-0.077667</td>\n",
       "      <td>0.471334</td>\n",
       "    </tr>\n",
       "    <tr>\n",
       "      <th>Word12</th>\n",
       "      <td>0.254777</td>\n",
       "      <td>0.220898</td>\n",
       "      <td>0.311422</td>\n",
       "      <td>0.588233</td>\n",
       "      <td>0.171615</td>\n",
       "      <td>0.336475</td>\n",
       "      <td>0.294045</td>\n",
       "      <td>0.477749</td>\n",
       "      <td>0.391818</td>\n",
       "      <td>0.102647</td>\n",
       "      <td>...</td>\n",
       "      <td>0.139210</td>\n",
       "      <td>0.525837</td>\n",
       "      <td>0.245129</td>\n",
       "      <td>0.225924</td>\n",
       "      <td>0.219404</td>\n",
       "      <td>0.142736</td>\n",
       "      <td>0.228564</td>\n",
       "      <td>0.015503</td>\n",
       "      <td>0.102647</td>\n",
       "      <td>0.325423</td>\n",
       "    </tr>\n",
       "    <tr>\n",
       "      <th>Word13</th>\n",
       "      <td>0.180739</td>\n",
       "      <td>0.312472</td>\n",
       "      <td>0.146989</td>\n",
       "      <td>0.119826</td>\n",
       "      <td>0.389045</td>\n",
       "      <td>0.382931</td>\n",
       "      <td>0.040830</td>\n",
       "      <td>0.148791</td>\n",
       "      <td>0.090358</td>\n",
       "      <td>0.207667</td>\n",
       "      <td>...</td>\n",
       "      <td>1.000000</td>\n",
       "      <td>0.209452</td>\n",
       "      <td>0.180021</td>\n",
       "      <td>0.239597</td>\n",
       "      <td>0.153975</td>\n",
       "      <td>0.195176</td>\n",
       "      <td>0.381553</td>\n",
       "      <td>0.216687</td>\n",
       "      <td>0.207667</td>\n",
       "      <td>0.260784</td>\n",
       "    </tr>\n",
       "    <tr>\n",
       "      <th>Word14</th>\n",
       "      <td>0.395745</td>\n",
       "      <td>0.275462</td>\n",
       "      <td>0.437913</td>\n",
       "      <td>0.691990</td>\n",
       "      <td>0.318413</td>\n",
       "      <td>0.373078</td>\n",
       "      <td>0.385239</td>\n",
       "      <td>0.368822</td>\n",
       "      <td>0.348485</td>\n",
       "      <td>0.041025</td>\n",
       "      <td>...</td>\n",
       "      <td>0.209452</td>\n",
       "      <td>1.000000</td>\n",
       "      <td>0.249592</td>\n",
       "      <td>0.385279</td>\n",
       "      <td>0.408036</td>\n",
       "      <td>0.265139</td>\n",
       "      <td>0.288459</td>\n",
       "      <td>0.066220</td>\n",
       "      <td>0.041025</td>\n",
       "      <td>0.488213</td>\n",
       "    </tr>\n",
       "    <tr>\n",
       "      <th>Word15</th>\n",
       "      <td>0.339895</td>\n",
       "      <td>0.302807</td>\n",
       "      <td>0.309745</td>\n",
       "      <td>0.210718</td>\n",
       "      <td>0.211414</td>\n",
       "      <td>0.461479</td>\n",
       "      <td>0.104261</td>\n",
       "      <td>0.374221</td>\n",
       "      <td>0.409611</td>\n",
       "      <td>0.405832</td>\n",
       "      <td>...</td>\n",
       "      <td>0.180021</td>\n",
       "      <td>0.249592</td>\n",
       "      <td>1.000000</td>\n",
       "      <td>0.271695</td>\n",
       "      <td>0.194783</td>\n",
       "      <td>0.272919</td>\n",
       "      <td>0.421863</td>\n",
       "      <td>0.201275</td>\n",
       "      <td>0.405832</td>\n",
       "      <td>0.191476</td>\n",
       "    </tr>\n",
       "    <tr>\n",
       "      <th>Word16</th>\n",
       "      <td>0.366287</td>\n",
       "      <td>0.276010</td>\n",
       "      <td>0.386454</td>\n",
       "      <td>0.146091</td>\n",
       "      <td>0.207091</td>\n",
       "      <td>0.198954</td>\n",
       "      <td>0.086123</td>\n",
       "      <td>0.288852</td>\n",
       "      <td>0.467549</td>\n",
       "      <td>0.272882</td>\n",
       "      <td>...</td>\n",
       "      <td>0.239597</td>\n",
       "      <td>0.385279</td>\n",
       "      <td>0.271695</td>\n",
       "      <td>1.000000</td>\n",
       "      <td>0.234637</td>\n",
       "      <td>0.301733</td>\n",
       "      <td>0.292821</td>\n",
       "      <td>0.131724</td>\n",
       "      <td>0.272882</td>\n",
       "      <td>0.165488</td>\n",
       "    </tr>\n",
       "    <tr>\n",
       "      <th>Word17</th>\n",
       "      <td>0.187738</td>\n",
       "      <td>0.121303</td>\n",
       "      <td>0.380738</td>\n",
       "      <td>0.428507</td>\n",
       "      <td>0.385841</td>\n",
       "      <td>0.348442</td>\n",
       "      <td>0.176629</td>\n",
       "      <td>0.177873</td>\n",
       "      <td>0.211194</td>\n",
       "      <td>0.130729</td>\n",
       "      <td>...</td>\n",
       "      <td>0.153975</td>\n",
       "      <td>0.408036</td>\n",
       "      <td>0.194783</td>\n",
       "      <td>0.234637</td>\n",
       "      <td>1.000000</td>\n",
       "      <td>0.281525</td>\n",
       "      <td>0.287018</td>\n",
       "      <td>0.194757</td>\n",
       "      <td>0.130729</td>\n",
       "      <td>0.489463</td>\n",
       "    </tr>\n",
       "    <tr>\n",
       "      <th>Word18</th>\n",
       "      <td>0.290793</td>\n",
       "      <td>0.568144</td>\n",
       "      <td>0.329830</td>\n",
       "      <td>0.289324</td>\n",
       "      <td>0.329960</td>\n",
       "      <td>0.356770</td>\n",
       "      <td>0.064151</td>\n",
       "      <td>0.214960</td>\n",
       "      <td>0.213801</td>\n",
       "      <td>0.331829</td>\n",
       "      <td>...</td>\n",
       "      <td>0.195176</td>\n",
       "      <td>0.265139</td>\n",
       "      <td>0.272919</td>\n",
       "      <td>0.301733</td>\n",
       "      <td>0.281525</td>\n",
       "      <td>1.000000</td>\n",
       "      <td>0.322023</td>\n",
       "      <td>-0.011050</td>\n",
       "      <td>0.331829</td>\n",
       "      <td>0.255345</td>\n",
       "    </tr>\n",
       "    <tr>\n",
       "      <th>Word19</th>\n",
       "      <td>0.411965</td>\n",
       "      <td>0.438564</td>\n",
       "      <td>0.314774</td>\n",
       "      <td>0.283894</td>\n",
       "      <td>0.561027</td>\n",
       "      <td>0.523047</td>\n",
       "      <td>0.081409</td>\n",
       "      <td>0.441089</td>\n",
       "      <td>0.423756</td>\n",
       "      <td>0.468827</td>\n",
       "      <td>...</td>\n",
       "      <td>0.381553</td>\n",
       "      <td>0.288459</td>\n",
       "      <td>0.421863</td>\n",
       "      <td>0.292821</td>\n",
       "      <td>0.287018</td>\n",
       "      <td>0.322023</td>\n",
       "      <td>1.000000</td>\n",
       "      <td>0.414895</td>\n",
       "      <td>0.468827</td>\n",
       "      <td>0.401891</td>\n",
       "    </tr>\n",
       "    <tr>\n",
       "      <th>Word20</th>\n",
       "      <td>0.133135</td>\n",
       "      <td>0.146585</td>\n",
       "      <td>0.114798</td>\n",
       "      <td>0.065794</td>\n",
       "      <td>0.564520</td>\n",
       "      <td>0.129919</td>\n",
       "      <td>0.036265</td>\n",
       "      <td>0.041117</td>\n",
       "      <td>0.260687</td>\n",
       "      <td>0.409056</td>\n",
       "      <td>...</td>\n",
       "      <td>0.216687</td>\n",
       "      <td>0.066220</td>\n",
       "      <td>0.201275</td>\n",
       "      <td>0.131724</td>\n",
       "      <td>0.194757</td>\n",
       "      <td>-0.011050</td>\n",
       "      <td>0.414895</td>\n",
       "      <td>1.000000</td>\n",
       "      <td>0.409056</td>\n",
       "      <td>0.324165</td>\n",
       "    </tr>\n",
       "    <tr>\n",
       "      <th>Word21</th>\n",
       "      <td>0.145773</td>\n",
       "      <td>0.345895</td>\n",
       "      <td>0.232624</td>\n",
       "      <td>0.001367</td>\n",
       "      <td>0.337872</td>\n",
       "      <td>0.290499</td>\n",
       "      <td>-0.053872</td>\n",
       "      <td>0.226348</td>\n",
       "      <td>0.303573</td>\n",
       "      <td>1.000000</td>\n",
       "      <td>...</td>\n",
       "      <td>0.207667</td>\n",
       "      <td>0.041025</td>\n",
       "      <td>0.405832</td>\n",
       "      <td>0.272882</td>\n",
       "      <td>0.130729</td>\n",
       "      <td>0.331829</td>\n",
       "      <td>0.468827</td>\n",
       "      <td>0.409056</td>\n",
       "      <td>1.000000</td>\n",
       "      <td>0.214570</td>\n",
       "    </tr>\n",
       "    <tr>\n",
       "      <th>Word22</th>\n",
       "      <td>0.331879</td>\n",
       "      <td>0.313719</td>\n",
       "      <td>0.372599</td>\n",
       "      <td>0.623813</td>\n",
       "      <td>0.588369</td>\n",
       "      <td>0.271199</td>\n",
       "      <td>0.332790</td>\n",
       "      <td>0.165050</td>\n",
       "      <td>0.222756</td>\n",
       "      <td>0.214570</td>\n",
       "      <td>...</td>\n",
       "      <td>0.260784</td>\n",
       "      <td>0.488213</td>\n",
       "      <td>0.191476</td>\n",
       "      <td>0.165488</td>\n",
       "      <td>0.489463</td>\n",
       "      <td>0.255345</td>\n",
       "      <td>0.401891</td>\n",
       "      <td>0.324165</td>\n",
       "      <td>0.214570</td>\n",
       "      <td>1.000000</td>\n",
       "    </tr>\n",
       "  </tbody>\n",
       "</table>\n",
       "<p>22 rows × 22 columns</p>\n",
       "</div>"
      ],
      "text/plain": [
       "           Word1     Word2     Word3     Word4     Word5     Word6     Word7  \\\n",
       "Word1   1.000000  0.445141  0.351027  0.331625  0.330113  0.173679  0.221346   \n",
       "Word2   0.445141  1.000000  0.200643  0.293684  0.342071  0.353967  0.012481   \n",
       "Word3   0.351027  0.200643  1.000000  0.297408  0.409588  0.279119  0.309128   \n",
       "Word4   0.331625  0.293684  0.297408  1.000000  0.327422  0.387641  0.363046   \n",
       "Word5   0.330113  0.342071  0.409588  0.327422  1.000000  0.394804  0.207002   \n",
       "Word6   0.173679  0.353967  0.279119  0.387641  0.394804  1.000000  0.087838   \n",
       "Word7   0.221346  0.012481  0.309128  0.363046  0.207002  0.087838  1.000000   \n",
       "Word8   0.287511  0.172106  0.267781  0.294118  0.242411  0.461382  0.117448   \n",
       "Word9   0.493558  0.357404  0.244143  0.281432  0.223924  0.249215  0.123935   \n",
       "Word10  0.145773  0.345895  0.232624  0.001367  0.337872  0.290499 -0.053872   \n",
       "Word11  0.189135  0.119040  0.322867  0.753864  0.193873  0.233594  0.329032   \n",
       "Word12  0.254777  0.220898  0.311422  0.588233  0.171615  0.336475  0.294045   \n",
       "Word13  0.180739  0.312472  0.146989  0.119826  0.389045  0.382931  0.040830   \n",
       "Word14  0.395745  0.275462  0.437913  0.691990  0.318413  0.373078  0.385239   \n",
       "Word15  0.339895  0.302807  0.309745  0.210718  0.211414  0.461479  0.104261   \n",
       "Word16  0.366287  0.276010  0.386454  0.146091  0.207091  0.198954  0.086123   \n",
       "Word17  0.187738  0.121303  0.380738  0.428507  0.385841  0.348442  0.176629   \n",
       "Word18  0.290793  0.568144  0.329830  0.289324  0.329960  0.356770  0.064151   \n",
       "Word19  0.411965  0.438564  0.314774  0.283894  0.561027  0.523047  0.081409   \n",
       "Word20  0.133135  0.146585  0.114798  0.065794  0.564520  0.129919  0.036265   \n",
       "Word21  0.145773  0.345895  0.232624  0.001367  0.337872  0.290499 -0.053872   \n",
       "Word22  0.331879  0.313719  0.372599  0.623813  0.588369  0.271199  0.332790   \n",
       "\n",
       "           Word8     Word9    Word10  ...    Word13    Word14    Word15  \\\n",
       "Word1   0.287511  0.493558  0.145773  ...  0.180739  0.395745  0.339895   \n",
       "Word2   0.172106  0.357404  0.345895  ...  0.312472  0.275462  0.302807   \n",
       "Word3   0.267781  0.244143  0.232624  ...  0.146989  0.437913  0.309745   \n",
       "Word4   0.294118  0.281432  0.001367  ...  0.119826  0.691990  0.210718   \n",
       "Word5   0.242411  0.223924  0.337872  ...  0.389045  0.318413  0.211414   \n",
       "Word6   0.461382  0.249215  0.290499  ...  0.382931  0.373078  0.461479   \n",
       "Word7   0.117448  0.123935 -0.053872  ...  0.040830  0.385239  0.104261   \n",
       "Word8   1.000000  0.362666  0.226348  ...  0.148791  0.368822  0.374221   \n",
       "Word9   0.362666  1.000000  0.303573  ...  0.090358  0.348485  0.409611   \n",
       "Word10  0.226348  0.303573  1.000000  ...  0.207667  0.041025  0.405832   \n",
       "Word11  0.166534  0.122458 -0.077667  ...  0.005737  0.598269  0.094548   \n",
       "Word12  0.477749  0.391818  0.102647  ...  0.139210  0.525837  0.245129   \n",
       "Word13  0.148791  0.090358  0.207667  ...  1.000000  0.209452  0.180021   \n",
       "Word14  0.368822  0.348485  0.041025  ...  0.209452  1.000000  0.249592   \n",
       "Word15  0.374221  0.409611  0.405832  ...  0.180021  0.249592  1.000000   \n",
       "Word16  0.288852  0.467549  0.272882  ...  0.239597  0.385279  0.271695   \n",
       "Word17  0.177873  0.211194  0.130729  ...  0.153975  0.408036  0.194783   \n",
       "Word18  0.214960  0.213801  0.331829  ...  0.195176  0.265139  0.272919   \n",
       "Word19  0.441089  0.423756  0.468827  ...  0.381553  0.288459  0.421863   \n",
       "Word20  0.041117  0.260687  0.409056  ...  0.216687  0.066220  0.201275   \n",
       "Word21  0.226348  0.303573  1.000000  ...  0.207667  0.041025  0.405832   \n",
       "Word22  0.165050  0.222756  0.214570  ...  0.260784  0.488213  0.191476   \n",
       "\n",
       "          Word16    Word17    Word18    Word19    Word20    Word21    Word22  \n",
       "Word1   0.366287  0.187738  0.290793  0.411965  0.133135  0.145773  0.331879  \n",
       "Word2   0.276010  0.121303  0.568144  0.438564  0.146585  0.345895  0.313719  \n",
       "Word3   0.386454  0.380738  0.329830  0.314774  0.114798  0.232624  0.372599  \n",
       "Word4   0.146091  0.428507  0.289324  0.283894  0.065794  0.001367  0.623813  \n",
       "Word5   0.207091  0.385841  0.329960  0.561027  0.564520  0.337872  0.588369  \n",
       "Word6   0.198954  0.348442  0.356770  0.523047  0.129919  0.290499  0.271199  \n",
       "Word7   0.086123  0.176629  0.064151  0.081409  0.036265 -0.053872  0.332790  \n",
       "Word8   0.288852  0.177873  0.214960  0.441089  0.041117  0.226348  0.165050  \n",
       "Word9   0.467549  0.211194  0.213801  0.423756  0.260687  0.303573  0.222756  \n",
       "Word10  0.272882  0.130729  0.331829  0.468827  0.409056  1.000000  0.214570  \n",
       "Word11  0.151163  0.354250  0.207949  0.096582 -0.052395 -0.077667  0.471334  \n",
       "Word12  0.225924  0.219404  0.142736  0.228564  0.015503  0.102647  0.325423  \n",
       "Word13  0.239597  0.153975  0.195176  0.381553  0.216687  0.207667  0.260784  \n",
       "Word14  0.385279  0.408036  0.265139  0.288459  0.066220  0.041025  0.488213  \n",
       "Word15  0.271695  0.194783  0.272919  0.421863  0.201275  0.405832  0.191476  \n",
       "Word16  1.000000  0.234637  0.301733  0.292821  0.131724  0.272882  0.165488  \n",
       "Word17  0.234637  1.000000  0.281525  0.287018  0.194757  0.130729  0.489463  \n",
       "Word18  0.301733  0.281525  1.000000  0.322023 -0.011050  0.331829  0.255345  \n",
       "Word19  0.292821  0.287018  0.322023  1.000000  0.414895  0.468827  0.401891  \n",
       "Word20  0.131724  0.194757 -0.011050  0.414895  1.000000  0.409056  0.324165  \n",
       "Word21  0.272882  0.130729  0.331829  0.468827  0.409056  1.000000  0.214570  \n",
       "Word22  0.165488  0.489463  0.255345  0.401891  0.324165  0.214570  1.000000  \n",
       "\n",
       "[22 rows x 22 columns]"
      ]
     },
     "execution_count": 34,
     "metadata": {},
     "output_type": "execute_result"
    }
   ],
   "source": [
    "import pandas as pd\n",
    "labels = [f'Word{i}' for i in range(1, 23)]\n",
    "# Create the DataFrame\n",
    "df = pd.DataFrame(similarity_matrix, index=labels, columns=labels)\n",
    "df"
   ]
  },
  {
   "cell_type": "code",
   "execution_count": 35,
   "id": "26d1f80e",
   "metadata": {},
   "outputs": [
    {
     "name": "stdout",
     "output_type": "stream",
     "text": [
      "Word11  Word4     0.753864\n",
      "Word4   Word11    0.753864\n",
      "Word14  Word4     0.691990\n",
      "Word4   Word14    0.691990\n",
      "Word22  Word4     0.623813\n",
      "dtype: float64\n"
     ]
    }
   ],
   "source": [
    "import pandas as pd\n",
    "\n",
    "# Assuming df is your DataFrame\n",
    "# Flatten the DataFrame into a Series\n",
    "flattened_series = df.unstack()\n",
    "\n",
    "# Filter out values that are equal to 1\n",
    "filtered_series = flattened_series[flattened_series != 1]\n",
    "\n",
    "# Sort the series in descending order and select the top 5 values\n",
    "top_five_values = filtered_series.sort_values(ascending=False).head(5)\n",
    "\n",
    "# Display the top five values\n",
